1900 38 9 10 140
   10 
1900 25 55 3 109
1800 20 50 0 92
900 45 5 2 140
2000 70 65 1 144
1200 5 55 2 95
900 10 5 5 109
1400 5 55 3 124
1600 70 5 4 156
1900 60 60 3 110
1900 50 50 3 139
1700 25 50 7 157
600 35 20 3 126
700 45 20 1 64
2000 20 60 3 110
1200 20 45 3 124
1200 45 50 4 126
1700 60 50 3 141
900 70 30 4 143
500 40 40 3 122
2000 45 5 7 125
700 5 50 4 157
1300 20 70 1 141
1200 60 10 3 124
1500 35 70 1 124
1900 65 40 1 124
1200 60 25 6 139
1700 20 5 2 125
500 60 45 4 144
1500 60 50 1 96
1100 50 45 0 126
800 10 65 2 139
500 65 30 3 77
600 55 70 5 109
1500 25 35 3 80
2000 30 45 4 144
1900 10 50 4 126
1500 60 65 4 110
500 40 5 1 94
1300 15 45 0 94
1300 45 70 1 77
500 35 30 2 127
1100 50 65 0 93
1800 10 35 2 127
600 60 25 5 139
1500 10 45 5 143
600 35 35 6 125
500 65 55 4 141
1900 5 50 4 94
1600 50 40 2 63
1500 65 25 9 31
1100 5 5 10 0
1900 45 55 8 31
1500 65 25 2 126
2000 45 40 6 157
700 60 25 2 94
800 65 65 2 108
1500 45 35 5 96
800 35 60 5 96
1900 55 25 1 111
700 35 40 4 157
1000 10 55 4 122
500 65 35 1 90
2000 65 50 3 123
1100 20 45 0 126
1200 10 40 7 141
1500 35 35 5 140
600 40 30 5 141
1900 55 25 5 142
1300 10 25 0 108
1800 35 30 4 141
1800 55 55 4 141
900 60 70 2 124
1400 55 55 7 139
1900 70 10 5 95
1300 35 50 2 126
1900 45 5 3 125
1600 35 65 2 124
1800 55 5 4 111
1200 65 55 5 127
1300 15 25 6 156
1800 65 5 4 107
1300 15 65 2 109
1100 30 20 4 110
500 50 65 1 63
2000 30 65 2 127
900 15 35 6 154
500 45 70 4 125
1000 35 15 3 125
1300 15 60 1 108
1600 70 25 2 95
1200 55 25 2 139
500 10 10 2 109
2000 5 55 5 141
800 60 70 4 123
1200 70 10 5 126
1900 60 45 2 140
1200 60 65 0 62
1100 20 60 4 93
600 5 60 7 141
2000 10 35 5 110
1400 15 30 1 93
1700 70 20 4 125
1000 45 45 3 111
500 30 20 5 110
600 5 40 3 141
1800 30 45 2 92
1700 55 55 1 142
1300 35 25 2 127
900 60 55 2 123
1500 45 55 3 107
1400 60 40 4 124
1000 25 15 3 123
700 5 50 2 93
1200 60 20 3 109
600 35 55 3 141
900 60 65 0 95
1500 15 15 1 126
   10 
900 15 10 5 125
900 10 20 4 141
800 50 50 3 111
1900 70 5 7 140
600 50 10 7 142
1600 25 70 1 125
1200 35 20 3 125
700 40 50 1 124
600 20 40 3 127
1500 50 70 3 143
800 45 50 5 111
1100 65 15 3 142
1100 30 40 3 78
1400 35 25 3 127
1100 20 60 3 94
1600 65 5 3 125
1600 30 50 1 108
1500 65 65 1 93
600 5 10 3 314
1400 20 70 4 111
900 60 45 0 139
1100 20 10 0 138
700 30 10 0 126
1600 70 40 0 78
1600 20 60 1 126
1300 60 5 0 46
600 10 45 4 140
600 25 60 3 141
1200 10 5 2 125
700 15 70 0 77
700 20 50 2 125
600 5 25 1 124
1400 15 15 0 125
1600 30 65 3 124
1000 40 35 0 123
1800 30 20 0 78
1700 5 70 6 155
2000 5 25 3 123
600 35 45 2 140
900 20 10 2 109
800 40 20 0 80
700 50 45 1 139
1800 35 50 1 94
600 10 60 0 93
1700 45 65 2 109
1800 25 50 2 127
700 25 25 2 92
600 5 35 2 92
1700 65 55 2 109
600 35 25 2 92
800 55 20 1 93
1800 25 25 3 93
1000 15 25 3 96
500 5 25 2 96
1400 20 50 2 110
1400 55 70 3 139
600 35 35 1 139
1100 60 25 3 111
1700 5 60 8 156
700 50 30 3 110
900 25 35 2 126
800 65 65 3 141
1100 5 45 1 92
1500 5 5 3 108
1400 10 70 0 159
900 5 50 2 125
800 40 60 0 95
1700 45 20 3 124
800 50 30 2 77
1900 40 30 1 94
600 45 40 7 159
600 25 70 1 124
2000 15 5 2 95
600 45 65 0 110
1500 65 55 5 138
1300 60 60 3 125
1800 55 5 1 109
1000 30 70 3 141
1400 65 70 3 141
1300 65 20 1 77
1600 40 5 3 141
2000 65 45 1 94
1600 60 50 2 110
900 15 15 1 109
1300 30 70 2 78
800 65 20 1 109
1000 40 40 1 45
500 50 15 2 125
2000 60 40 1 140
700 20 45 3 141
1400 5 55 1 93
1600 70 35 0 140
1300 50 30 0 139
1600 25 70 0 77
800 25 45 0 126
900 50 65 0 79
1500 70 40 1 137
1600 70 65 4 110
500 5 65 1 78
900 25 60 1 128
1000 30 35 3 107
700 45 50 2 77
1900 30 10 1 109
1100 40 35 2 140
1800 55 65 2 79
1900 55 15 2 139
1800 5 55 2 125
1000 65 50 1 138
600 15 25 0 93
700 30 55 2 141
600 65 40 2 139
500 65 25 0 45
1900 5 20 0 126
1400 50 60 4 123
1400 20 15 5 94
900 15 60 1 93
1900 65 10 1 141
1200 70 10 1 140
700 45 30 3 126
1100 45 35 0 110
1500 45 70 3 80
600 5 50 2 94
500 25 65 1 107
900 70 15 6 171
1100 65 15 2 125
1100 70 65 2 95
1000 40 50 3 94
800 40 55 2 124
800 45 40 2 95
1200 20 20 2 95
1000 50 70 5 127
1800 35 20 3 126
1400 70 55 1 122
1900 70 60 1 142
900 65 20 5 125
1900 20 40 3 110
1000 50 65 1 107
1500 30 40 4 124
1700 40 55 1 126
1900 45 5 2 109
1500 45 70 0 108
600 40 35 2 125
1500 60 60 2 107
800 15 25 2 106
900 40 25 2 94
1100 15 55 3 125
800 25 45 1 110
1200 20 45 2 109
800 25 55 3 93
1900 55 65 3 140
1900 65 45 4 125
800 55 55 2 156
2000 70 65 5 137
1500 15 10 2 121
1100 65 50 3 108
1400 60 35 4 125
2000 20 15 4 92
900 5 10 4 156
2000 25 50 1 122
600 25 10 3 141
1000 40 10 2 125
2000 40 50 3 111
1900 40 50 1 92
1400 5 45 1 125
1300 45 10 0 77
800 25 65 1 78
500 30 40 0 122
1700 50 60 1 156
500 45 40 0 78
900 65 55 3 124
1300 25 35 2 123
1800 10 15 2 108
700 50 45 4 154
1500 60 50 0 127
1300 5 55 3 143
1700 60 20 4 92
1700 20 40 3 109
600 20 20 2 94
600 65 5 3 110
1300 60 40 3 140
1500 5 60 0 96
700 10 70 4 141
500 10 30 1 112
1200 55 40 1 124
1300 30 30 2 95
1600 45 10 3 93
1600 70 35 4 107
1300 55 70 2 142
900 50 45 2 108
900 10 55 1 138
900 45 25 2 156
1700 25 40 1 108
1200 70 25 5 124
700 55 50 1 125
2000 5 55 4 109
1500 15 10 1 159
2000 65 15 2 94
1600 50 25 3 126
1000 60 45 1 143
500 30 55 2 109
1000 30 30 2 62
1900 15 60 2 141
700 40 55 3 141
1400 20 70 4 154
600 55 5 2 109
800 5 10 9 158
1300 60 65 4 79
1200 70 25 5 91
1500 70 25 4 154
1000 55 5 1 108
2000 15 65 3 106
1300 50 65 5 156
1900 60 5 4 124
1300 45 20 0 95
600 15 70 0 64
1100 60 50 0 77
1100 70 55 0 139
700 40 25 3 110
1900 5 30 1 79
600 40 65 3 78
1400 45 5 3 126
1000 45 50 3 125
1600 10 30 0 143
800 50 25 2 124
1000 20 20 2 160
1200 55 50 1 93
1400 55 10 2 95
1300 50 50 2 127
1400 65 35 0 95
1800 40 10 1 124
1900 5 15 1 95
1800 65 25 1 110
600 45 65 2 77
1800 70 15 0 94
600 10 70 3 140
800 40 50 1 108
1500 55 40 1 96
1900 30 50 1 79
1300 55 25 2 109
1400 45 40 6 110
800 65 40 3 139
800 40 60 1 110
600 25 10 5 156
500 40 40 0 48
1600 30 65 2 126
600 20 40 3 140
1800 50 70 3 91
1700 35 10 4 125
1900 60 65 2 79
1100 50 15 4 93
2000 50 70 2 96
1500 20 70 4 96
900 25 65 5 128
700 50 40 1 94
500 60 45 4 143
1700 35 30 5 125
800 55 25 2 109
1600 50 20 3 158
500 65 25 2 123
1700 20 40 1 110
1500 10 35 0 96
1700 10 40 1 125
800 70 15 1 155
600 40 25 0 126
600 40 55 0 93
1900 65 70 2 94
1100 65 5 7 141
700 40 20 6 109
700 25 10 1 142
1600 45 30 2 141
1500 40 35 8 141
1900 40 10 1 78
500 70 20 4 137
1300 5 15 5 139
1400 65 15 4 93
1200 10 50 5 109
2000 45 65 4 109
1600 10 5 4 95
1100 45 50 2 125
1100 25 20 3 78
1700 60 5 2 127
1200 65 5 1 125
1400 15 45 9 125
1400 70 60 2 139
600 70 40 5 125
2000 35 50 3 141
900 60 20 3 95
1500 55 15 3 107
1200 30 45 3 110
1000 45 55 3 93
1100 65 30 3 126
2000 40 60 3 122
1400 35 50 5 110
1300 35 70 1 125
1700 20 25 1 92
1400 45 40 3 124
900 5 70 3 79
1600 25 5 1 93
900 20 5 5 141
700 65 55 0 138
1600 5 55 1 155
1400 20 35 2 109
600 60 35 3 110
2000 25 5 4 122
900 55 65 6 108
800 45 55 5 128
1700 55 30 1 93
500 25 55 4 110
1000 70 35 6 92
1200 55 60 4 156
1700 60 65 2 79
1300 50 5 4 156
800 70 25 0 265
1800 60 50 1 60
900 25 30 1 62
600 60 10 2 110
600 20 65 5 156
600 45 50 9 156
1300 20 70 6 124
1800 70 45 2 107
1700 5 20 8 155
1200 60 45 1 94
700 5 65 3 125
1600 55 40 4 143
1200 60 5 5 156
1600 40 70 3 125
1500 40 40 4 138
900 10 50 6 125
1700 35 45 5 125
1800 15 40 0 109
800 45 20 0 94
800 10 55 0 78
1100 55 15 2 157
1800 35 30 0 142
1700 50 35 0 62
500 25 55 0 96
1000 35 40 1 94
500 30 50 0 93
1400 30 65 1 125
1300 65 60 0 79
1000 20 10 0 110
1500 55 30 0 128
700 15 35 0 95
1100 60 25 0 78
600 65 40 0 111
2000 35 30 1 108
1400 65 20 5 141
600 10 25 2 77
1300 25 10 1 64
1400 20 60 1 77
800 60 20 0 93
1100 60 30 0 79
1200 15 70 0 109
2000 25 55 2 125
1100 15 5 2 124
2000 25 5 2 96
1500 45 15 0 111
1200 65 15 2 125
1900 50 70 2 140
900 20 20 0 48
1100 65 40 2 125
1400 25 10 1 126
2000 45 65 2 123
1500 45 65 2 94
1400 65 25 2 126
1400 30 65 3 141
700 10 70 2 126
1400 35 65 3 111
900 30 45 1 126
800 20 45 4 93
1200 20 20 2 93
1100 20 45 0 125
1600 50 10 2 93
700 30 30 2 108
1300 60 10 3 109
800 25 25 0 78
1100 40 30 1 78
600 20 50 4 125
800 65 65 3 128
1100 70 45 0 158
1800 5 10 1 78
1000 20 10 0 96
700 5 25 1 93
1500 25 70 3 93
2000 10 55 2 126
1200 35 15 1 124
600 55 45 1 110
500 60 50 1 125
2000 40 10 4 140
1400 30 20 1 109
1500 15 30 2 77
1900 35 15 1 111
1100 25 30 0 77
1500 70 15 1 126
800 20 60 2 111
1300 15 10 2 110
1400 65 35 2 110
1200 60 55 2 108
1100 30 60 3 63
1900 70 60 2 124
900 65 50 0 126
1100 50 15 0 78
1500 25 45 3 94
500 10 35 0 31
800 60 15 0 79
1300 10 15 2 61
1900 65 45 1 110
700 35 65 0 123
1900 5 40 4 125
1900 40 55 0 62
1300 50 40 0 142
500 5 20 0 96
600 55 35 2 108
1700 25 70 3 143
2000 20 5 2 140
700 5 40 3 141
500 20 20 1 108
1200 35 5 3 111
1800 40 30 2 124
1800 20 5 0 109
1700 20 70 1 79
600 30 65 4 109
500 5 55 3 138
1700 65 45 2 109
1700 20 20 1 46
1300 10 65 3 124
1400 45 45 1 80
500 40 5 0 80
1700 30 55 2 93
2000 50 70 0 128
1900 35 45 1 124
2000 30 55 1 94
1700 55 45 0 94
1900 70 45 0 94
2000 65 30 0 112
1200 65 5 2 140
700 25 65 0 125
1400 20 30 2 62
1000 65 5 0 109
1000 65 70 2 125
1800 20 5 2 93
1800 10 55 3 124
2000 40 15 2 76
1700 70 40 2 126
1800 70 40 1 141
1500 45 35 0 60
700 25 25 0 108
1200 5 5 1 124
600 55 50 1 140
1200 70 10 1 80
500 45 25 2 111
1900 60 70 1 140
1000 45 55 1 95
1800 5 40 2 111
1300 65 40 2 299
1200 5 5 3 124
1500 5 35 1 94
1100 15 60 1 76
1900 55 20 0 78
2000 30 65 1 77
1000 15 10 1 127
1500 40 55 1 96
1300 65 5 5 171
700 70 5 0 108
1600 70 5 3 141
1100 65 70 4 94
900 60 30 3 125
2000 30 65 1 154
1500 55 40 0 79
800 25 60 2 141
1700 25 10 0 108
1000 40 50 0 111
1400 60 25 3 78
1700 40 20 0 94
1200 40 5 3 140
1400 60 20 2 95
1600 40 15 0 126
500 55 50 0 95
1500 15 25 1 96
500 45 60 2 128
1100 10 60 0 94
900 65 20 2 157
2000 50 35 2 140
800 10 55 2 158
2000 15 65 2 45
1700 70 50 0 141
1100 45 25 0 108
1600 35 20 4 128
1000 70 25 0 125
900 70 30 2 124
1200 40 55 0 79
1700 25 5 2 110
1900 15 35 1 154
600 70 10 2 80
1800 65 40 0 77
800 10 70 4 142
600 20 20 1 109
1300 30 60 0 110
1400 20 25 0 127
1100 10 60 4 94
1600 30 15 0 107
1600 15 5 0 126
1500 25 20 2 94
1900 10 70 0 46
1300 35 10 0 94
1500 30 40 3 125
800 20 65 0 93
1700 5 40 2 139
1600 60 65 1 96
700 70 65 3 78
2000 25 60 0 94
1600 45 5 3 94
900 45 10 0 109
1900 25 60 3 78
500 45 10 0 80
1400 50 65 1 78
1900 5 40 2 142
1200 45 45 0 139
1000 5 20 3 107
1400 30 65 2 156
500 5 45 0 92
1900 50 30 0 78
1700 10 20 0 110
1000 55 40 0 111
1200 55 45 0 94
900 25 10 1 111
1300 65 35 0 122
2000 60 60 2 93
500 20 15 3 108
1800 45 60 0 142
1300 5 35 1 79
1800 50 10 3 156
500 25 15 0 128
1300 45 70 0 78
900 35 10 3 94
1400 70 10 1 92
1700 65 35 0 78
1800 25 55 0 143
1100 35 10 0 79
1700 65 50 3 108
1300 35 50 0 112
1700 65 10 0 93
1100 65 35 1 110
1600 40 25 2 94
700 30 25 1 80
900 35 70 3 110
1200 5 10 9 110
1100 50 45 1 109
1000 15 50 3 122
1000 50 5 4 108
700 50 45 0 79
700 60 20 1 123
1600 25 10 0 79
1700 70 50 2 94
700 50 45 0 77
600 20 65 2 158
1200 10 10 3 107
1500 55 50 0 127
900 15 25 3 108
1400 55 40 2 142
1200 30 35 1 141
600 30 35 1 94
2000 65 65 1 140
1700 30 10 1 126
2000 20 70 3 111
500 65 65 1 125
1500 45 5 3 109
1000 35 55 1 94
500 15 25 3 107
600 50 65 1 93
2000 65 20 1 124
500 60 40 1 112
1900 5 50 1 61
1400 70 35 4 93
900 40 30 0 94
1500 65 65 1 80
1600 60 10 3 109
600 55 15 0 75
800 25 20 0 79
1400 55 35 0 123
1200 35 50 0 110
1800 15 10 0 76
1600 35 65 0 124
1600 45 60 4 110
1000 65 30 1 63
1600 50 35 2 76
1400 50 70 0 64
1400 65 30 1 111
900 25 70 1 126
700 50 70 1 80
1200 60 25 1 143
1100 10 15 1 76
1300 10 20 2 141
1500 25 40 2 110
900 35 65 3 342
1900 55 35 2 140
1900 20 65 2 126
600 65 10 2 141
700 45 15 0 111
700 60 5 2 93
1900 20 15 1 108
700 35 5 2 110
700 5 60 3 141
2000 60 15 1 123
1900 15 30 0 94
1500 70 15 2 142
600 65 45 1 95
600 35 5 4 174
1000 65 70 2 92
1400 35 25 3 123
1700 20 70 0 110
1100 15 50 0 140
500 40 25 4 110
1600 20 55 2 127
500 55 60 2 108
1300 65 30 3 126
1600 70 70 0 95
900 55 10 2 141
1200 60 60 2 110
1300 20 35 2 141
1700 65 65 1 141
1500 20 10 3 128
600 40 5 2 79
900 70 45 2 125
2000 65 5 5 111
1600 30 45 1 124
1000 65 35 0 76
500 25 15 1 78
1600 45 70 1 94
1900 55 35 2 47
1300 70 70 3 78
900 20 45 0 125
1800 5 55 3 125
700 45 5 1 79
1100 55 55 4 141
1100 40 10 2 110
1000 50 10 5 123
500 15 55 6 154
1200 50 60 2 157
1000 15 30 2 92
600 20 60 3 157
1600 65 70 0 63
1100 10 60 0 109
700 5 70 0 156
1100 25 40 0 141
600 70 25 0 125
600 40 60 0 94
1600 70 25 1 110
900 30 65 1 77
900 60 45 0 78
1600 45 10 2 109
1000 15 5 3 141
1300 40 5 2 126
1700 50 30 2 110
1000 60 55 0 64
1700 45 60 0 142
1400 60 45 0 109
1000 45 35 0 106
1200 15 25 1 109
500 35 15 0 63
1800 35 30 1 79
1500 30 15 0 91
2000 65 30 2 112
1600 40 45 0 78
1600 35 25 0 111
900 10 50 0 78
1100 35 60 0 124
1600 40 5 4 142
1300 50 40 2 126
1200 5 60 1 95
1300 60 40 2 62
1700 35 40 0 78
1300 10 70 1 124
1900 45 25 2 157
1000 40 45 1 93
800 15 35 2 111
2000 30 55 1 96
1500 15 70 0 80
1600 50 60 2 142
1200 40 55 1 77
1300 60 60 1 141
1100 70 55 2 123
900 55 25 3 80
1100 20 45 0 94
800 50 45 0 61
700 65 60 2 110
2000 35 45 2 127
900 60 60 2 125
500 40 15 2 128
700 25 60 3 93
1900 50 15 3 94
1400 30 10 2 124
700 65 45 0 125
500 50 65 0 106
1200 65 45 0 111
1300 55 55 0 63
1100 5 45 6 125
800 70 45 0 77
600 60 45 0 94
1500 20 20 1 94
900 35 50 3 142
1900 55 5 3 91
900 50 40 0 79
1600 50 15 1 124
500 5 25 1 122
1200 70 45 1 94
1700 5 65 1 140
1100 45 25 0 110
1400 10 70 0 76
1400 65 5 1 108
1500 50 40 1 80
1700 50 5 2 138
900 20 15 3 108
1400 65 65 6 125
1100 40 70 1 78
1400 65 40 1 127
1500 5 5 2 112
1300 45 70 1 123
900 20 35 0 110
800 35 45 2 126
1900 55 50 1 109
800 40 10 2 110
500 15 55 2 77
800 45 60 0 96
2000 45 70 2 126
1600 10 25 1 139
600 70 60 0 62
1100 60 15 1 110
1000 55 10 2 112
1900 70 10 3 94
500 25 70 2 124
700 70 20 1 110
500 65 55 0 112
800 45 65 1 128
1700 40 35 3 125
1800 10 5 1 124
1500 10 10 0 126
900 55 25 0 125
1200 60 35 1 94
1100 10 55 3 140
1800 15 55 1 126
1300 15 35 0 93
700 50 50 3 108
1700 5 30 1 220
1900 5 5 1 156
1500 15 45 2 143
900 5 70 3 110
500 15 40 1 79
1200 20 40 1 110
1200 25 30 1 141
800 10 40 2 110
900 40 20 0 126
800 25 65 0 80
900 20 35 0 128
700 40 55 0 140
1900 20 55 2 111
1200 65 50 0 111
1800 5 35 2 156
1300 65 45 0 95
1900 45 65 0 125
700 15 60 0 124
900 15 20 0 108
1100 5 60 0 109
500 70 25 0 61
1200 20 35 0 108
1700 20 40 1 93
1800 25 5 0 94
800 50 15 1 124
500 45 45 0 45
2000 5 15 1 140
1300 55 40 2 79
1900 20 45 3 108
1200 25 65 1 79
1400 60 15 2 140
1900 40 35 0 93
900 50 20 2 109
600 20 70 2 78
1700 30 25 0 78
2000 30 35 1 122
1500 60 5 2 111
1000 25 20 6 107
1500 50 50 2 91
500 50 30 2 124
1100 25 5 3 94
1600 45 55 1 110
500 30 20 2 112
1000 70 55 0 75
1800 15 10 2 77
1300 45 55 1 125
1700 35 10 2 93
1400 5 60 1 140
900 45 55 0 64
1000 60 40 1 108
1000 45 45 3 157
700 30 45 0 124
700 65 65 0 109
1100 35 10 2 111
2000 20 30 2 78
800 65 30 2 142
800 25 25 1 127
1000 50 40 1 141
1800 50 5 0 93
500 15 20 1 127
600 25 5 3 108
2000 70 55 5 126
1500 5 20 2 78
1400 50 70 0 94
1900 45 15 0 111
700 10 40 4 93
1500 60 70 2 108
1400 60 5 3 93
700 20 65 1 109
1900 20 50 1 94
1700 70 45 3 141
1200 25 5 3 124
1700 40 60 0 62
1600 45 20 1 142
1300 55 5 1 48
1000 45 35 3 160
1200 50 20 3 110
1700 25 15 2 156
1500 45 60 0 94
1400 55 15 2 95
1700 35 35 2 110
1000 20 35 4 156
1800 45 5 4 143
1300 10 40 2 124
1200 35 20 0 125
1300 70 40 1 109
900 65 40 3 125
700 70 50 3 124
1000 45 60 0 96
1100 5 60 1 109
1200 20 40 1 78
1000 5 60 4 121
2000 40 45 1 140
1500 65 65 2 79
700 55 70 3 110
1200 60 60 1 125
1600 55 45 1 125
1100 50 60 3 126
1500 25 20 0 63
1100 30 60 1 143
1900 25 50 7 124
700 20 45 2 126
1800 5 40 1 125
600 50 5 2 94
1200 20 20 0 95
900 15 40 1 155
1500 70 30 0 64
1000 25 5 2 109
1900 60 60 0 125
900 30 30 0 110
700 10 60 6 110
700 65 55 1 94
1100 30 55 1 141
1700 40 30 3 95
1400 60 5 6 140
1900 65 25 2 126
1300 65 55 2 109
500 5 50 2 109
1200 20 70 3 107
1500 35 20 0 111
600 20 40 1 93
2000 10 40 3 112
1400 10 10 2 94
2000 15 15 2 108
500 35 70 1 123
1000 25 50 4 124
900 5 40 1 91
500 25 60 1 93
1000 25 60 1 93
600 20 30 5 156
1100 70 20 1 141
1200 50 30 0 126
1600 55 70 4 157
1500 5 35 1 108
1200 25 5 3 142
2000 15 45 1 144
700 45 70 3 126
700 60 60 0 92
500 70 20 0 124
1400 40 15 1 110
1300 70 50 2 123
2000 50 25 1 124
1900 10 70 1 125
1400 30 10 0 127
1900 65 10 0 126
1000 35 5 2 109
500 45 50 0 108
1400 35 30 0 124
1100 5 40 2 78
700 50 45 0 93
1500 50 15 1 90
800 25 45 3 125
500 65 45 0 107
1400 30 5 0 75
1600 15 35 3 124
1200 5 55 3 125
600 70 5 2 140
2000 20 70 0 108
1600 20 45 1 123
1500 25 65 1 144
800 5 25 2 110
1900 35 70 2 127
1800 50 55 1 95
900 20 20 0 109
700 35 55 1 78
800 30 50 0 79
1000 40 45 1 126
1300 25 40 0 109
1600 30 60 0 110
700 20 60 1 139
1300 40 60 2 140
900 55 15 1 95
1600 5 15 1 95
1600 5 30 1 78
1600 70 40 0 126
1400 45 10 1 92
1100 70 5 0 125
1000 15 65 0 96
1000 10 45 2 112
600 15 20 2 111
1600 10 50 1 110
1400 35 50 2 77
1200 10 15 1 202
1700 15 5 4 139
2000 25 60 2 80
1500 45 55 0 106
1800 30 55 3 108
1200 35 30 0 77
1500 60 70 0 155
1500 25 60 1 94
700 60 20 0 124
1800 45 70 2 112
900 55 25 1 80
1400 45 65 3 127
500 15 70 1 123
1300 50 35 1 142
1300 30 65 0 109
1400 15 55 0 109
800 65 25 0 107
1300 25 60 0 92
700 65 30 0 47
600 45 70 4 93
1500 70 65 1 112
1700 20 50 1 141
1300 15 30 2 125
1000 70 20 0 94
2000 50 70 1 108
1600 35 20 1 94
1200 70 60 1 77
2000 30 25 1 77
1600 40 25 2 63
1200 30 5 2 110
900 35 10 1 79
1500 65 60 1 80
900 55 55 3 140
2000 45 55 2 78
1600 60 30 1 109
1700 30 55 0 108
1400 30 15 0 78
800 5 40 1 77
700 10 45 0 123
700 70 60 3 109
1500 25 15 3 109
800 15 55 0 126
1000 70 45 0 93
1700 70 50 2 110
1000 40 30 1 80
500 30 60 1 61
700 5 40 0 141
1600 45 70 0 95
1400 60 60 3 128
800 15 45 0 78
600 55 10 0 126
1500 45 65 1 108
1300 20 25 0 96
500 10 30 0 160
1100 25 15 2 108
1200 20 20 1 77
1800 50 10 0 78
1300 40 50 0 139
2000 70 65 2 144
1300 40 15 0 110
1200 15 20 1 63
800 60 40 0 96
1000 45 25 1 124
1000 10 65 0 110
1700 60 55 1 141
1400 45 60 1 125
2000 50 20 1 122
1500 15 5 3 139
500 35 30 2 108
1600 40 55 2 142
2000 55 25 1 80
1900 50 70 0 78
1900 20 20 3 110
1000 5 5 4 93
1600 35 20 0 93
1800 15 40 1 109
700 65 20 3 125
1700 70 45 1 93
1400 35 70 2 110
1300 45 60 2 112
500 40 60 3 96
500 5 70 1 125
1800 45 65 2 109
600 5 30 0 110
1100 15 30 1 141
600 50 70 0 78
900 35 50 2 143
1300 45 65 1 124
700 40 25 3 80
700 15 15 0 95
700 65 65 3 142
1300 15 20 1 154
1900 45 60 1 94
1400 40 5 2 78
1200 25 30 0 111
1300 55 10 0 141
1900 55 25 2 94
1500 35 50 0 109
1700 60 35 3 127
1200 5 70 2 125
800 20 45 1 141
600 25 5 4 157
1100 5 25 2 63
1800 65 60 2 139
500 55 65 0 48
500 35 30 1 125
1800 55 35 1 92
800 20 70 0 61
1500 45 50 1 139
2000 20 40 2 144
1700 15 5 2 78
2000 70 40 1 138
1900 70 35 3 139
800 70 15 1 109
500 70 55 1 139
2000 60 50 1 137
500 50 55 1 144
800 65 70 1 142
1800 70 50 1 157
500 30 65 0 93
1300 65 55 0 109
1300 40 10 0 111
1500 20 15 0 139
600 55 70 1 124
1500 50 35 2 124
2000 45 30 2 112
800 30 60 1 126
1000 25 10 0 96
1200 65 40 2 94
1800 25 50 2 109
600 20 45 1 109
700 35 25 2 110
1600 50 65 4 125
1200 45 5 1 78
1900 35 10 3 109
600 35 20 6 109
1700 50 70 0 110
1300 60 15 1 93
1100 30 40 1 77
900 50 70 2 154
1800 25 10 0 94
2000 45 15 2 127
700 15 20 2 108
1200 45 50 0 94
500 35 65 1 95
1600 70 5 2 110
1600 25 10 2 93
600 50 65 2 95
1500 25 50 3 78
1200 20 50 1 124
1800 45 25 2 109
1100 30 55 2 93
600 65 55 2 126
1500 15 50 0 157
900 5 45 2 107
1800 55 35 1 94
900 65 45 0 110
1000 15 45 3 123
1900 20 10 6 125
1100 60 40 1 110
1900 55 35 2 93
1700 5 50 0 94
1200 60 40 2 110
700 60 35 4 157
700 45 20 5 125
1300 20 15 3 108
500 35 20 2 110
1200 50 70 2 109
800 55 70 2 143
700 50 40 0 109
500 70 30 0 125
1500 30 30 1 108
800 35 50 2 170
1900 55 40 1 109
1300 70 15 1 78
500 65 25 1 94
1800 5 40 4 125
1600 5 55 5 141
500 30 65 3 94
1600 65 45 2 125
1400 70 50 2 108
800 65 65 1 126
2000 50 40 3 141
2000 5 5 4 96
1600 35 50 3 77
2000 35 45 1 155
2000 10 50 1 96
2000 10 10 2 112
1500 15 35 0 128
800 45 35 5 157
800 60 45 2 110
1500 30 35 1 94
500 25 50 2 140
1600 30 25 0 141
1600 40 60 1 140
1500 30 45 0 64
1100 55 20 3 142
600 55 45 1 95
600 25 25 1 95
1400 35 50 1 95
500 25 20 2 93
500 60 25 3 124
1400 35 60 2 95
1700 30 30 6 111
1500 65 10 2 94
1600 15 40 4 126
1100 60 50 2 140
1400 45 55 2 142
700 65 45 4 111
1400 25 25 2 94
1900 45 5 5 124
1400 65 65 4 123
600 20 40 1 95
600 25 45 5 125
1200 25 25 0 78
700 25 10 1 93
1300 25 50 0 109
2000 70 10 1 94
900 60 45 1 94
1300 55 45 1 111
1400 15 15 1 109
1600 40 15 3 93
1400 15 50 2 141
1600 40 60 0 62
1200 5 55 5 125
500 70 40 3 128
900 45 25 2 108
1300 10 15 3 143
500 55 30 2 93
1200 70 10 2 123
1900 5 25 1 140
900 30 35 0 95
1200 25 15 0 93
1100 70 25 2 140
1100 5 60 2 94
1500 35 10 3 124
1100 60 60 1 110
700 65 40 0 108
1400 70 40 0 124
1200 40 15 1 110
1700 35 60 2 140
600 20 65 6 125
1500 50 45 0 110
1500 60 60 1 159
800 20 50 2 128
1200 30 60 0 143
500 45 30 0 106
1500 40 65 0 110
1200 40 55 0 93
800 15 20 4 79
700 55 15 4 95
1600 70 65 0 109
900 15 20 2 96
700 5 65 2 124
900 70 55 0 281
800 35 10 2 79
1000 45 20 1 92
1200 30 25 1 124
2000 20 50 1 144
800 20 45 1 94
1300 70 15 4 127
2000 40 70 1 109
700 70 15 1 125
1800 15 40 3 124
1700 65 55 2 108
700 50 25 4 110
800 55 60 2 45
800 20 20 5 142
1500 55 65 3 155
500 40 25 3 111
800 50 55 0 94
1300 30 50 5 127
2000 65 5 3 126
700 25 10 3 78
1900 10 60 6 125
1500 20 10 0 78
1800 25 70 1 127
1200 30 5 6 140
1900 55 45 2 107
1400 60 30 0 80
1100 25 5 2 110
1100 40 35 0 94
1000 40 40 0 109
1700 70 20 1 110
1700 45 55 2 94
700 25 25 1 141
1800 70 50 4 127
1600 40 20 0 142
1000 30 70 2 109
1300 10 70 0 94
1500 25 30 1 110
600 20 60 1 93
2000 30 25 3 110
1900 15 15 1 125
1600 15 5 1 107
1100 10 5 3 142
1100 15 35 2 92
1200 5 45 2 94
1500 15 20 0 112
1700 65 35 0 94
600 65 15 0 110
600 65 20 0 93
1500 65 15 0 78
1300 60 30 2 109
1100 50 10 1 94
1700 45 65 1 110
1200 55 10 0 110
900 45 50 0 95
900 15 35 1 93
900 10 15 0 127
1100 30 15 2 78
1700 70 35 1 94
1000 55 15 0 112
800 30 5 2 60
1900 40 65 1 125
600 25 35 0 78
800 15 20 1 95
1700 20 40 1 139
1100 20 50 0 126
1600 25 25 1 92
1600 25 40 1 94
1500 50 10 3 108
1300 50 65 0 95
1600 45 5 3 143
1300 10 35 0 110
1300 20 20 0 112
800 15 55 0 80
1000 15 5 2 122
600 55 70 2 125
1200 65 40 1 140
1000 50 5 1 93
800 20 55 1 110
1400 35 20 1 124
700 15 20 1 125
1100 15 60 0 125
1400 35 5 3 140
800 50 10 2 124
1900 70 40 1 140
600 55 65 0 124
700 10 25 2 110
900 10 55 2 94
1800 70 25 1 64
1400 55 25 0 110
600 25 50 2 94
600 15 55 0 109
1800 55 35 0 96
700 50 70 0 93
500 40 65 0 63
1200 20 5 3 108
1800 50 40 0 139
500 15 20 2 108
1700 10 55 3 126
500 55 25 2 125
1400 25 15 0 140
1800 35 15 0 109
900 5 40 0 61
1700 15 40 0 125
800 10 15 1 80
1900 40 20 2 111
1000 25 35 1 93
1500 40 60 1 108
1100 35 40 1 94
1800 40 15 0 111
2000 40 50 1 78
500 20 5 5 124
1800 40 10 3 142
800 10 65 1 64
1000 60 65 2 107
600 20 55 4 123
800 35 55 2 141
1100 5 50 8 155
700 65 45 2 125
700 10 55 2 142
1500 5 50 7 122
900 50 40 2 64
1200 40 60 5 125
1000 35 70 3 112
1400 10 55 3 125
1300 25 15 3 156
1000 70 10 1 125
2000 50 60 2 125
700 20 35 5 140
2000 55 65 2 128
900 35 30 4 108
1600 45 65 1 124
700 10 50 1 63
1400 5 45 3 124
1300 40 60 0 47
900 15 10 1 93
800 70 15 1 95
1700 5 45 1 142
500 45 20 5 153
1100 25 45 0 109
500 30 10 1 109
1600 60 70 1 94
700 35 70 0 95
1000 45 10 1 94
1100 25 55 0 64
800 25 20 4 126
1400 70 55 4 125
1500 65 15 1 125
1000 5 65 2 155
1500 35 45 0 108
1000 55 10 2 407
1700 60 55 3 95
1700 55 20 2 140
700 60 20 2 110
1700 35 15 2 109
1000 25 35 2 128
1300 65 35 1 95
700 35 30 2 125
700 70 30 2 79
1600 25 20 1 127
1200 20 45 2 46
2000 50 45 2 112
1300 50 15 0 94
1500 30 70 1 64
1100 35 70 2 109
1700 50 5 1 78
600 50 10 3 93
1400 55 65 3 111
1600 55 50 1 124
1900 5 20 2 125
1800 5 35 3 141
1000 15 65 2 154
800 60 40 0 122
1400 25 25 1 93
1300 40 30 2 108
1400 35 15 4 125
1200 20 70 4 139
1600 10 50 2 94
2000 10 5 3 122
1400 60 45 2 110
1100 15 35 4 95
1400 30 55 2 123
600 15 70 3 141
800 60 20 3 94
1500 20 70 6 140
1300 45 65 1 110
1700 35 60 1 78
600 15 50 3 94
500 10 55 2 139
700 20 50 2 124
1100 70 40 0 109
1800 15 5 5 123
2000 40 10 1 126
700 20 25 1 93
600 65 45 1 94
1200 25 20 0 63
1500 55 65 2 94
1600 35 50 3 155
600 25 45 2 93
500 55 20 3 144
1800 50 65 4 158
600 20 15 0 110
800 65 55 3 158
700 20 30 0 123
1600 65 5 5 140
600 5 55 2 156
1000 60 15 4 144
1300 45 70 0 94
1500 65 70 3 112
1400 35 55 0 125
1800 65 20 3 108
1500 50 60 1 94
1400 50 20 0 125
1800 55 20 1 125
1100 50 60 0 93
1100 45 60 1 93
600 30 25 1 95
700 25 10 1 77
2000 30 5 2 109
1600 55 50 3 110
1300 20 5 2 93
1100 40 25 3 126
1700 70 60 2 123
2000 30 50 4 140
900 20 30 4 121
1000 20 30 3 128
800 35 35 0 126
1700 5 35 1 126
1500 25 45 5 124
800 30 20 2 125
1500 50 5 1 128
1200 20 35 4 126
500 50 15 2 107
900 60 35 2 78
1600 60 40 1 109
1500 65 20 4 107
700 70 40 2 156
1100 70 70 0 62
700 25 50 1 78
1400 10 45 1 125
800 5 70 1 47
1900 10 25 1 76
1800 30 55 2 127
1700 45 10 4 124
1900 65 30 2 95
2000 25 15 2 144
800 60 20 1 125
500 25 10 2 93
1800 20 40 3 124
1300 10 20 3 106
1800 5 70 5 94
800 15 70 3 110
500 45 55 4 144
600 65 45 4 110
2000 40 15 3 107
1100 35 25 4 96
1200 35 45 5 140
1500 65 60 1 93
1300 10 25 3 143
1400 55 10 5 125
1600 25 30 0 124
2000 30 70 4 108
1000 10 25 4 125
1700 30 40 3 110
1700 5 60 1 94
500 30 45 1 141
1700 55 70 1 124
1100 40 65 2 142
1700 10 30 1 124
1400 70 45 0 110
1900 30 40 2 110
1000 20 25 3 108
1600 70 45 1 76
1800 15 30 3 125
800 50 50 0 94
700 55 15 1 79
1100 60 60 1 125
1500 20 60 1 112
700 40 5 5 125
1400 25 50 3 142
1200 30 45 2 139
1800 25 45 1 126
1000 60 50 3 125
1600 10 15 3 141
1000 65 5 4 107
1500 40 35 3 155
700 65 50 2 157
1300 25 65 2 125
1100 15 60 1 110
1400 50 20 0 107
1100 30 25 1 77
1100 5 20 3 95
600 10 20 4 234
1400 15 5 5 139
1100 15 60 1 141
600 30 70 4 142
1200 30 25 1 93
900 70 40 2 93
2000 70 5 3 128
1900 30 50 1 125
1800 40 70 1 126
1100 35 10 4 125
1200 5 5 3 110
1300 15 30 5 107
1000 30 10 3 160
1700 5 10 4 94
1000 55 45 1 139
700 45 40 1 141
1800 55 15 2 110
1300 65 50 1 111
1800 30 55 4 79
1600 10 35 2 125
900 55 10 4 93
500 50 35 3 123
1500 55 20 3 128
900 35 20 4 109
900 35 25 1 141
500 15 5 4 141
1800 10 40 1 126
1100 10 65 2 93
1400 70 70 2 125
1000 20 15 1 125
1800 65 65 2 64
1900 55 50 2 108
900 45 40 0 108
1700 10 5 2 77
1400 35 35 0 126
600 20 50 3 125
600 20 10 2 110
1000 35 65 3 94
700 50 30 4 157
1500 25 65 3 124
2000 50 40 0 93
1300 40 20 1 108
500 70 65 2 107
1900 10 5 1 109
1700 15 20 1 125
500 10 65 1 92
2000 35 60 2 94
1600 25 50 1 109
1700 55 55 0 125
1600 50 25 1 126
1000 10 55 4 93
1500 25 20 2 123
700 60 55 2 140
1800 70 10 2 141
1500 55 70 0 79
2000 45 45 3 155
1000 30 25 1 124
1700 15 65 1 123
1800 70 70 0 126
1000 25 65 0 108
1800 60 70 0 46
500 35 60 0 62
1300 10 35 4 127
1500 15 20 2 122
600 35 60 1 109
1300 70 55 0 92
1000 35 5 3 108
500 10 10 0 80
1900 60 40 0 95
1400 5 60 5 140
600 65 50 0 94
1100 5 65 2 126
600 15 65 2 125
1300 35 50 1 79
1300 70 15 6 156
1500 70 40 5 138
600 65 65 5 124
800 40 35 2 141
700 45 40 10 140
1400 20 70 5 124
600 40 60 2 126
800 20 35 2 95
1300 50 60 6 126
800 5 65 4 156
1900 25 45 3 110
800 70 20 1 107
800 65 10 2 127
1800 5 60 2 108
1700 10 40 1 157
600 60 10 4 123
1600 20 35 2 109
1500 35 70 2 141
1600 5 20 5 108
1800 5 5 2 142
1400 5 60 3 144
1300 30 40 1 92
1500 30 5 1 155
800 25 30 0 126
900 50 35 2 109
1500 5 15 2 108
2000 20 55 1 138
1400 35 60 2 107
900 45 15 5 141
1500 15 35 1 128
1500 50 50 0 93
900 70 5 4 126
1700 10 5 1 80
1100 30 40 3 112
1000 40 5 2 138
1100 20 50 0 64
1600 65 70 1 109
500 25 15 1 92
1600 50 5 3 126
500 25 55 0 92
1300 40 40 1 77
1500 65 60 3 96
1300 30 30 7 141
1400 10 35 4 123
1000 65 45 1 144
1200 65 65 1 141
1800 5 35 8 156
1200 40 10 3 141
1900 10 55 10 141
700 35 5 4 141
1200 30 45 4 140
800 70 35 4 125
1100 15 65 3 108
1500 30 45 3 124
1800 25 25 0 76
1900 10 40 3 93
1400 70 40 1 79
1900 60 15 0 95
1300 5 70 2 127
1100 55 45 2 125
900 5 15 2 109
1700 70 45 1 141
500 35 45 1 124
1100 60 25 0 93
900 30 10 1 110
2000 10 20 4 92
1600 65 5 1 94
1900 5 60 1 295
1700 70 20 4 156
800 50 15 0 78
1000 20 20 0 77
1200 45 15 0 126
1400 40 40 0 78
1200 65 55 1 94
500 15 30 2 141
1000 40 55 1 106
1100 45 10 0 126
2000 25 25 0 92
1200 40 5 1 110
1700 35 30 0 108
600 20 50 2 94
1000 40 15 0 76
1300 5 5 3 143
700 65 10 0 108
900 30 40 0 94
2000 30 5 1 110
600 50 70 1 95
1700 30 10 2 93
2000 20 10 4 139
700 55 10 2 111
1500 70 10 1 108
1200 35 60 1 125
600 20 65 1 109
800 20 55 1 126
1300 40 20 0 108
1700 70 40 0 77
1700 45 40 2 95
1000 25 25 0 77
1300 55 70 1 110
1000 10 35 1 128
500 55 40 1 125
1100 55 50 1 93
600 20 40 0 109
600 10 30 0 124
1900 65 20 0 64
900 65 5 1 110
1600 45 25 1 110
1000 45 70 2 123
2000 5 15 1 110
1800 50 40 0 111
900 65 60 0 111
1900 40 35 0 95
500 10 40 1 63
1900 5 50 0 110
500 40 70 2 80
1600 50 15 1 78
1300 25 60 1 108
700 5 70 1 125
1300 55 55 1 124
1900 40 5 1 78
1900 65 40 0 95
1300 10 25 1 140
1300 30 5 0 95
900 35 15 1 108
1200 5 15 1 92
1100 15 15 2 141
1700 35 30 5 93
1500 65 35 2 128
1500 60 55 0 111
1800 40 25 0 127
1000 20 65 0 110
800 25 5 0 109
800 60 65 1 93
1300 5 15 0 78
1900 25 35 1 108
1500 50 40 1 107
600 70 20 1 110
900 70 70 1 110
1400 55 10 1 93
1900 55 45 1 108
1500 60 20 1 122
900 35 65 4 140
1400 25 20 4 186
500 55 10 3 93
1700 25 60 1 126
1100 60 25 2 94
600 55 45 3 126
600 10 60 3 109
1100 25 15 1 78
1400 70 65 3 124
1100 50 70 7 140
900 10 10 1 93
1500 35 55 3 141
700 20 5 4 125
1400 45 15 5 140
600 10 10 2 107
1000 50 40 1 95
1700 70 70 0 109
1500 40 65 0 108
900 35 45 6 126
500 70 25 2 108
1900 40 25 0 125
800 5 50 5 140
1300 5 50 1 95
600 50 30 1 77
1300 25 10 3 109
500 40 25 1 96
1500 55 5 2 125
1700 65 20 2 94
1600 15 60 1 107
1800 55 40 2 125
1700 70 40 2 125
900 15 40 3 109
1600 65 10 4 110
1200 50 10 6 109
1900 40 30 2 142
1400 40 60 6 171
900 65 70 1 108
1800 55 35 3 127
1200 30 30 2 109
1800 35 40 1 107
1800 30 55 2 108
1200 60 70 1 125
1900 70 35 1 78
1300 5 40 8 158
800 25 65 2 141
600 55 50 0 108
500 55 30 0 110
1700 45 35 1 123
700 40 45 0 93
500 60 70 0 64
1700 70 5 1 110
1600 65 45 1 108
1000 5 65 1 96
1100 60 55 2 142
1400 55 50 1 47
1300 60 45 0 127
1300 10 5 3 156
700 50 10 3 79
1100 20 60 1 110
1100 10 45 0 109
1500 5 20 1 111
1600 70 25 3 141
1800 35 60 2 124
1700 70 70 0 111
1100 70 50 0 93
1100 15 50 2 109
2000 40 60 0 124
1200 45 50 0 108
800 30 40 2 140
2000 30 60 0 109
500 70 35 0 141
1300 40 20 2 124
700 60 70 0 124
900 50 70 1 108
700 15 5 3 142
1500 60 15 0 112
600 15 30 1 62
1900 65 60 1 77
900 25 60 2 124
1000 5 30 2 94
1300 25 25 1 142
1400 50 30 0 92
1700 30 30 1 95
1100 25 10 0 63
800 40 35 0 155
500 65 25 1 109
1700 15 65 2 142
1500 30 50 1 122
1700 10 10 0 62
900 45 70 0 126
1500 65 20 0 109
600 55 55 0 125
1800 55 60 0 79
1200 65 10 0 61
500 45 5 0 77
1300 5 35 1 77
1400 55 70 2 138
1300 40 35 0 95
1600 45 20 1 60
1400 70 25 1 79
500 15 55 0 109
900 45 20 0 62
1200 25 65 0 141
1000 10 65 0 80
1000 40 60 0 110
900 5 15 1 139
800 50 20 0 77
800 5 50 1 93
900 15 30 0 78
600 60 60 0 109
1100 55 60 1 125
600 55 55 0 94
2000 70 10 2 125
2000 45 65 0 92
1400 55 55 1 139
1800 50 55 1 93
800 25 5 2 110
1100 25 45 0 109
1800 55 15 0 96
1000 20 30 0 124
1300 70 50 1 78
600 45 25 0 93
900 5 35 4 110
2000 65 35 0 123
1400 40 60 2 93
1100 65 60 4 93
1000 15 5 2 92
1300 25 20 1 94
900 5 10 0 94
1900 35 70 1 141
900 65 5 2 125
1800 20 55 0 109
1300 15 70 0 94
800 65 30 2 141
1100 55 10 0 109
1100 55 65 1 108
600 55 10 2 93
1100 35 70 1 140
700 30 50 0 93
1400 25 10 1 78
1800 65 60 1 127
2000 15 40 4 157
1400 5 15 6 123
700 15 40 2 141
800 50 35 2 122
1500 5 20 6 154
700 60 15 2 141
1700 45 10 4 155
1000 25 60 4 92
1200 55 5 7 156
600 70 70 4 126
1400 45 25 1 126
500 40 5 4 138
900 30 25 0 78
800 55 70 4 141
1900 70 50 2 109
1800 50 40 5 157
1200 45 35 1 110
1400 65 70 0 125
1900 35 55 4 140
1500 35 50 1 92
1300 70 35 2 107
900 65 40 3 108
1400 35 5 2 111
2000 45 55 1 121
1500 5 55 3 107
700 15 30 4 140
1700 35 35 4 126
1500 40 45 2 125
1400 45 40 1 123
600 25 10 1 125
1100 50 60 4 156
1600 50 65 0 141
1100 20 55 1 94
800 60 5 4 109
1500 55 15 8 125
1900 20 50 3 141
1200 10 20 7 109
1000 60 5 3 142
1800 65 40 4 126
1500 20 45 1 160
800 60 30 3 141
1600 40 20 2 79
600 45 45 3 140
700 5 35 6 141
1200 65 10 2 108
2000 25 40 1 144
1300 40 65 2 79
1200 10 35 0 125
500 20 50 0 80
2000 60 50 1 79
500 60 55 1 79
600 30 35 1 109
1600 40 25 0 90
1500 20 60 3 96
1900 15 40 2 126
1300 55 35 1 157
700 30 45 4 125
1400 25 20 1 126
1500 15 60 0 139
500 5 65 0 79
500 45 15 2 80
2000 65 65 2 128
900 35 65 0 110
700 30 45 2 110
1200 10 45 3 124
800 20 10 0 141
700 25 20 0 79
700 70 45 0 125
1500 5 20 0 93
1900 35 5 0 93
700 55 70 1 140
800 40 50 1 124
1900 25 10 0 125
1600 25 50 0 109
800 60 60 0 96
500 70 40 1 92
1900 45 60 0 80
800 55 35 2 93
900 5 55 2 141
1300 25 50 2 126
800 55 45 1 107
1300 20 20 1 266
1000 5 65 1 128
1500 20 25 0 124
500 55 65 0 138
1700 15 5 3 111
1800 25 50 1 127
1800 25 55 0 80
2000 50 30 1 79
1800 5 50 0 94
1700 35 10 0 63
800 60 40 1 63
1900 10 20 0 125
1200 70 15 2 124
1700 30 40 0 79
1500 25 15 1 80
500 70 50 0 94
1800 5 55 0 61
1600 30 35 2 125
2000 65 65 0 108
600 10 10 0 62
1900 15 65 2 124
500 15 70 2 80
2000 10 30 1 126
800 60 15 0 64
1200 10 5 2 94
2000 15 50 1 93
1600 45 45 1 126
500 10 50 1 94
1800 40 30 2 125
1900 40 50 1 95
1800 5 40 1 108
600 5 35 2 141
2000 60 55 0 141
1800 70 15 0 92
1900 15 45 1 95
1400 50 45 0 94
2000 35 5 2 124
1400 70 5 2 109
800 55 15 1 79
1800 5 5 1 94
1400 20 65 1 109
1300 60 25 0 47
2000 20 30 0 94
1800 55 5 0 62
1700 40 65 2 125
1000 50 55 0 138
1000 5 70 1 108
1800 30 10 2 124
1900 5 5 1 108
1000 25 25 2 112
1600 30 65 2 94
500 5 25 1 156
1600 10 15 2 108
1000 15 40 2 109
1500 55 30 2 108
1600 20 35 3 92
600 70 35 2 126
1700 70 35 2 109
2000 30 55 2 142
1300 15 40 8 154
600 60 60 1 110
600 60 10 3 93
1700 10 65 3 141
600 25 20 1 124
600 5 55 2 110
1900 20 70 1 110
1200 35 70 3 109
1300 5 65 5 139
1000 5 65 2 107
1900 35 55 5 140
700 25 50 3 141
1400 60 15 1 108
1900 35 15 2 110
800 70 20 1 108
600 35 10 2 93
2000 65 5 0 112
2000 30 35 2 107
900 5 30 1 77
1400 10 70 1 127
1600 70 40 3 108
1600 25 50 3 125
600 20 30 2 108
1200 60 10 2 140
1100 40 5 5 125
1600 20 25 5 141
1000 20 70 7 140
1600 50 45 2 94
700 45 30 3 125
800 25 60 4 110
1400 65 30 0 79
1400 5 20 7 139
1500 20 10 5 96
800 25 55 5 126
1000 55 15 3 94
2000 45 10 3 93
600 50 50 1 95
1000 40 55 3 153
1400 65 50 3 108
700 45 45 1 139
800 20 60 2 95
800 65 30 0 93
1200 55 5 0 78
600 20 40 1 78
1000 25 60 0 122
900 70 60 1 47
1800 55 15 0 111
500 40 15 2 124
1600 20 55 1 138
1400 50 50 4 154
1400 20 25 0 78
1600 35 60 1 126
1100 15 15 1 125
1400 40 65 0 109
800 20 55 4 155
1300 15 25 3 93
900 45 55 1 63
800 20 55 1 93
900 55 15 2 109
1000 60 35 2 90
1900 65 65 0 125
900 60 70 0 92
1800 35 65 0 110
800 40 40 1 110
1600 55 45 0 110
1300 65 35 1 139
1000 45 45 0 94
1000 50 55 0 76
1600 65 10 0 141
1300 35 35 1 111
700 20 20 2 125
1300 40 60 2 93
700 60 70 4 95
2000 20 45 3 156
1100 30 30 1 77
1200 30 35 0 124
700 5 20 2 142
1400 30 25 1 124
2000 70 15 2 155
500 35 15 1 127
800 70 20 0 78
1100 70 5 3 108
1700 50 65 0 94
600 15 35 2 142
1600 30 10 0 126
600 10 45 0 94
1200 65 60 3 110
1500 40 5 1 138
1900 30 45 1 95
1400 35 5 0 124
800 15 10 1 110
1000 60 10 1 77
1600 70 35 0 93
1300 5 25 1 93
1300 55 45 0 126
700 40 5 0 94
1000 70 55 0 96
2000 40 20 1 109
900 35 55 1 111
600 70 30 0 110
1700 50 45 1 79
500 70 20 0 94
1500 55 60 0 124
2000 60 35 0 128
600 60 30 0 125
1900 50 50 1 108
2000 25 55 1 125
1700 50 45 1 94
1300 65 40 0 94
1100 35 25 0 110
600 50 40 2 124
1600 60 55 2 109
1800 70 65 0 63
500 10 45 0 126
1300 35 10 0 93
1700 45 15 0 95
1300 30 45 1 78
1300 45 10 2 107
800 55 25 5 139
2000 50 70 1 125
500 40 40 0 123
1300 25 5 1 63
1700 30 15 1 63
1500 55 50 1 124
1600 35 40 1 46
1800 5 5 2 94
1900 35 40 0 109
1900 25 5 2 110
1100 45 5 2 124
800 25 30 1 62
800 25 25 1 124
1000 60 25 1 141
1100 40 30 1 154
1400 60 5 3 140
700 10 60 1 125
600 15 55 5 172
1700 10 35 5 140
1500 20 25 7 172
900 45 70 3 108
1400 55 15 4 126
700 45 10 4 110
1900 70 45 5 142
1300 10 55 7 155
1800 40 50 2 124
1000 50 10 5 109
1000 50 65 2 96
800 30 55 3 111
700 65 15 3 126
1100 45 60 2 141
700 15 5 0 126
1700 20 40 4 94
600 35 60 0 109
1600 65 70 4 125
1200 25 15 1 108
1000 70 55 0 122
1800 45 20 0 109
1000 20 40 0 126
2000 35 60 2 93
2000 10 65 2 140
2000 55 10 3 78
1300 10 30 1 112
1000 45 15 0 141
700 65 50 2 62
1000 10 65 1 77
700 10 15 2 125
800 5 60 0 140
900 65 60 2 77
1200 60 25 2 141
1200 20 10 3 124
2000 55 55 5 139
900 20 65 1 109
2000 20 30 2 125
1800 20 40 2 141
600 50 35 1 62
1300 20 45 2 123
700 35 30 2 124
1900 45 70 0 94
1900 65 10 2 94
2000 50 45 3 96
1200 45 30 2 140
1600 10 10 8 125
1400 35 60 2 61
1500 65 5 4 108
1500 40 30 3 64
700 40 35 2 139
1500 40 10 3 141
1700 35 60 2 140
1900 35 35 1 109
1000 15 60 2 96
1300 40 70 1 126
1000 15 40 2 138
1700 45 60 0 155
2000 40 50 0 91
1300 70 5 2 140
1300 50 15 3 158
800 20 10 0 126
1500 25 30 2 126
1900 60 45 0 94
1800 5 10 1 139
900 70 70 0 125
1000 65 35 0 109
1600 70 45 0 77
2000 25 65 1 137
1600 50 60 3 126
900 50 15 1 79
1100 70 55 0 79
900 70 65 0 123
1900 55 55 0 125
1700 25 30 1 109
1900 10 10 2 109
1100 15 40 6 155
600 55 55 3 110
1800 30 10 1 123
600 25 35 3 110
800 65 25 1 142
1600 15 70 3 109
1400 45 5 5 124
2000 65 30 1 406
1600 50 60 1 158
1800 20 15 1 110
700 50 45 1 108
1800 40 15 0 124
1200 5 35 1 125
900 25 30 0 109
700 45 15 0 110
2000 55 30 0 125
500 50 50 1 123
1600 50 45 2 78
1500 60 65 1 139
1000 20 30 2 93
600 70 50 1 108
1600 5 55 1 109
600 55 45 2 140
700 35 45 1 127
2000 5 25 4 128
1400 35 55 2 125
1300 50 55 0 141
2000 15 55 3 155
800 55 30 3 139
1900 55 70 4 122
2000 60 35 0 108
1500 20 60 3 124
1100 5 30 1 125
600 55 45 1 141
700 40 55 1 78
1500 25 15 3 125
700 65 20 3 126
1100 60 15 0 140
2000 25 45 1 109
700 60 60 2 95
1900 65 60 3 139
1600 65 10 3 141
1900 70 20 1 95
1900 70 65 0 77
600 5 5 4 93
1600 30 20 2 123
1000 70 50 2 109
1200 70 70 2 126
800 50 20 1 112
900 30 30 2 108
700 35 5 1 125
700 40 25 0 124
600 40 55 2 125
2000 55 20 2 140
1500 70 30 4 108
1300 50 25 1 79
600 55 20 2 140
1500 20 5 3 128
2000 55 30 1 139
1700 55 40 1 110
1700 65 30 3 141
1200 45 30 5 124
1600 45 10 1 94
1200 55 40 0 95
1500 40 20 2 107
1400 5 60 1 94
1300 40 70 0 140
1800 15 25 0 124
700 60 60 1 141
700 35 20 0 110
1100 30 70 1 109
1900 65 15 1 94
1000 50 70 1 80
600 40 50 3 79
1500 15 10 2 124
500 40 50 6 124
800 50 15 3 109
1500 25 55 3 112
1100 60 15 3 110
1100 30 35 4 111
1200 10 45 2 124
1200 65 20 0 109
800 50 45 0 109
1900 35 60 2 138
1900 65 70 2 142
600 40 20 0 93
600 60 70 0 141
1400 20 35 1 108
1000 60 60 0 112
1700 10 45 0 126
2000 20 40 0 92
600 5 40 1 94
700 20 35 2 110
800 55 25 4 140
2000 15 10 3 109
1100 70 50 3 156
2000 50 10 1 107
1600 25 15 2 94
1600 30 40 0 110
1500 60 20 0 139
800 55 60 5 125
2000 60 5 5 140
1000 45 60 4 122
1300 25 5 4 125
800 30 55 5 140
1500 70 30 4 108
1300 60 15 3 126
600 20 10 4 125
500 10 35 3 76
1800 65 70 3 124
1700 25 50 0 94
1800 60 10 3 92
500 45 45 1 94
1800 30 70 2 123
1900 45 55 2 79
1800 25 25 0 140
500 60 45 4 144
1000 50 55 1 139
1400 25 30 2 156
700 10 70 1 108
1900 25 60 4 126
1800 25 40 3 126
500 70 45 1 94
1300 55 55 2 172
800 25 20 0 93
1500 45 45 1 92
600 35 50 0 140
1600 30 50 4 124
1500 70 40 2 92
1700 25 60 2 139
1000 20 55 1 109
600 15 5 4 110
500 25 5 5 125
1900 40 50 4 109
1000 65 70 2 108
800 35 50 2 110
1100 65 5 1 62
1500 5 70 1 93
800 10 5 4 141
1900 25 30 2 156
2000 20 45 2 124
1000 70 55 1 141
1400 15 45 1 142
1500 10 40 2 126
800 25 15 1 109
500 15 35 2 78
700 15 65 0 110
1800 65 40 0 108
1700 25 20 1 108
1700 50 65 0 204
600 40 65 2 141
600 50 30 1 109
1600 25 25 4 125
1400 70 55 2 127
900 45 65 4 124
900 15 30 3 127
1500 50 55 2 123
500 55 10 3 124
1500 15 45 2 128
500 60 50 2 96
1700 10 30 0 110
1700 40 70 0 94
800 10 65 0 93
1000 55 70 0 95
1600 20 30 0 123
600 65 5 0 109
1000 50 70 0 124
1300 60 10 0 111
1400 40 65 2 109
500 15 25 0 124
1300 60 25 3 141
900 25 55 1 126
1600 35 45 0 126
1700 20 50 5 111
1600 45 15 3 46
2000 30 45 2 109
900 45 55 0 123
2000 65 5 2 125
1700 25 65 0 109
2000 45 30 1 109
600 15 40 1 110
700 30 35 2 109
800 20 50 0 78
1800 35 20 2 126
600 55 15 1 78
1600 65 20 4 125
900 45 45 0 78
1800 50 55 0 92
1500 20 50 0 90
1600 10 65 0 93
1400 30 10 0 157
1500 5 60 3 76
1800 35 25 4 109
1000 40 35 0 109
1300 25 20 4 124
600 55 30 3 109
1500 70 35 1 108
1300 5 60 0 109
2000 45 45 2 107
1300 45 70 0 141
1200 30 30 2 110
1000 20 20 2 125
500 15 65 2 123
1400 5 10 1 125
1700 45 60 1 124
1300 25 45 1 79
500 25 55 2 109
1000 50 15 4 139
1800 45 10 7 153
1400 60 25 5 110
1900 60 40 2 109
1300 55 45 5 142
1700 30 35 2 139
1300 10 35 3 124
600 50 55 2 93
1000 60 45 1 127
600 55 40 2 126
1200 45 65 2 127
1600 55 45 2 93
800 30 35 6 157
900 30 35 1 94
500 55 60 1 108
500 25 45 0 112
1700 40 20 0 78
900 45 45 1 78
1200 30 15 0 79
1500 15 20 0 107
1800 55 65 1 125
600 15 70 4 139
600 60 45 1 126
600 30 5 0 110
1200 70 35 4 108
500 35 40 1 112
1200 25 60 1 110
2000 40 70 1 63
800 10 50 1 93
1900 20 5 3 126
1000 45 50 2 108
1600 35 15 1 109
2000 10 50 1 93
500 40 35 0 122
1400 65 30 0 46
900 20 5 4 124
1200 60 65 0 126
1800 10 70 0 95
1600 65 10 0 108
1000 70 55 1 94
1500 15 30 1 127
500 70 20 2 124
1100 60 50 1 123
1100 5 25 1 109
1500 45 40 1 128
1400 15 5 2 125
1500 20 10 0 96
1700 65 15 0 93
600 30 5 3 110
1800 5 50 2 77
900 30 35 0 94
1000 45 35 1 78
1300 10 20 0 125
1400 70 15 0 62
900 10 65 0 158
1000 20 45 0 80
1300 35 45 0 94
600 60 35 0 110
1300 40 60 0 125
1100 45 10 1 109
1200 65 10 1 126
500 30 20 0 77
2000 70 70 2 126
700 60 40 2 111
500 65 65 0 94
1200 65 60 0 93
900 55 65 0 110
600 50 50 0 95
900 60 40 0 94
1200 55 70 0 61
1300 25 15 0 110
900 15 30 0 47
1000 70 15 1 110
900 35 20 0 126
600 65 35 0 94
2000 30 5 1 125
1000 50 10 0 123
1700 25 5 1 94
1800 70 30 0 77
1500 30 55 0 125
2000 50 5 2 93
1600 35 55 2 142
1900 35 70 0 94
500 50 10 0 108
1600 70 25 0 123
1400 45 20 4 142
2000 15 50 0 126
1900 55 25 2 94
1300 45 50 1 122
800 40 65 1 126
1200 65 20 1 123
700 5 15 2 108
2000 70 10 0 47
1900 20 35 3 125
500 60 45 1 96
1900 60 40 1 108
700 60 20 0 109
700 5 25 1 93
800 70 10 2 110
1000 30 50 0 137
800 5 10 1 76
1300 40 40 0 46
1000 30 15 1 124
1500 60 70 2 112
1200 10 20 0 156
600 65 45 0 124
1600 25 70 0 141
1100 45 10 0 109
1000 45 40 1 125
1100 10 30 1 109
1800 25 5 2 110
1700 45 5 2 95
1400 10 55 0 156
2000 20 60 1 109
700 5 70 3 109
1600 45 65 0 79
1400 50 55 0 77
2000 10 65 0 93
800 20 55 0 126
1400 25 10 1 110
1600 55 50 0 95
1500 50 45 0 62
700 40 45 1 110
500 5 5 3 125
500 70 20 0 109
1700 10 25 0 96
1100 15 60 0 110
1000 35 55 0 109
1800 55 35 0 126
800 70 55 0 94
900 5 60 2 94
1900 40 10 0 92
1900 30 35 1 96
800 40 45 1 91
1200 70 20 1 157
1800 5 15 3 128
1200 20 35 0 110
900 45 30 1 111
1100 30 40 0 126
600 60 15 1 109
1400 45 60 1 110
2000 10 40 2 112
1200 50 35 3 78
1800 25 45 2 109
1300 25 60 0 127
1000 25 40 1 123
1600 50 45 1 141
1600 55 20 4 111
2000 10 60 1 124
1800 40 60 1 108
2000 70 40 0 122
1100 5 50 1 110
800 10 30 0 94
1400 10 40 0 141
2000 10 10 0 125
2000 70 50 0 123
1200 55 30 1 109
600 35 70 0 79
1300 20 65 0 110
2000 40 45 1 110
1600 25 45 2 124
900 35 65 0 94
1100 45 45 1 124
1300 65 55 1 140
800 25 25 0 142
700 30 55 1 94
1500 45 15 0 61
1500 20 55 1 96
1100 35 25 0 108
1200 60 15 0 126
1900 30 50 0 94
500 40 50 0 108
1600 55 50 1 94
500 45 25 1 106
1200 25 10 0 141
1700 45 35 0 126
1200 30 20 0 92
1200 15 35 0 110
1500 40 60 2 93
500 10 5 1 78
1500 40 40 0 94
1400 45 15 0 111
1100 40 25 1 125
800 65 20 0 95
1300 45 5 1 95
2000 15 35 0 107
1700 20 65 1 95
1600 45 55 0 157
1700 30 40 0 125
1600 20 55 2 108
1300 20 20 0 108
1900 10 25 1 78
500 10 25 0 80
1700 20 15 0 125
2000 40 10 0 92
1800 30 60 0 77
1100 55 60 1 77
1000 25 65 1 124
1600 10 20 1 78
900 10 55 0 61
600 50 15 0 61
1500 15 35 1 138
1900 50 15 2 123
700 10 55 2 79
1600 55 55 0 126
500 50 15 0 139
500 5 5 4 111
1700 70 30 0 139
800 30 20 2 127
1700 40 20 4 92
700 20 30 3 109
1900 10 25 7 143
1100 20 20 5 93
600 30 50 0 110
1200 45 55 0 124
800 20 5 0 93
1300 25 20 0 109
1800 45 65 3 140
1800 60 55 2 109
1400 70 65 2 125
2000 70 55 0 63
900 20 50 2 93
1500 15 45 1 125
500 65 10 2 141
2000 5 65 1 123
1600 20 70 1 109
2000 20 40 0 128
500 55 35 2 107
1300 35 60 1 267
700 5 55 0 63
1400 65 10 1 110
1100 65 15 0 124
900 30 5 2 154
1200 45 5 0 94
1400 50 20 2 110
800 50 35 1 62
1500 15 35 1 79
1800 65 50 0 124
1700 15 65 1 109
900 40 35 1 78
900 65 60 2 108
1600 65 10 0 141
1300 35 50 0 109
900 70 15 0 107
1600 10 50 2 110
1400 10 50 2 109
1200 15 70 5 141
600 70 50 4 110
800 10 10 3 140
900 70 30 1 126
800 60 50 2 140
1200 15 55 2 109
800 60 20 6 140
900 70 35 6 127
1700 65 65 3 93
2000 65 40 7 144
800 5 5 7 108
1300 50 5 7 108
1500 25 25 7 124
900 45 5 6 140
1300 70 70 7 158
1400 40 10 3 140
1900 35 55 3 110
700 50 10 1 93
1400 5 30 0 77
800 35 20 0 95
1400 45 25 0 125
800 35 35 0 94
1000 55 25 0 126
800 25 35 0 108
1000 10 45 0 108
1400 55 50 6 140
1600 45 50 3 125
1800 20 30 3 78
1700 65 55 2 95
1100 20 15 2 140
1900 55 70 2 125
1000 40 45 2 112
1400 35 20 1 95
1500 15 10 1 110
2000 20 40 0 138
1400 55 20 0 94
1100 60 20 0 108
900 40 50 0 94
1900 45 25 2 111
500 40 5 1 109
1300 5 60 1 111
700 65 45 1 109
1300 55 60 0 109
1900 70 35 0 108
900 70 40 0 158
800 25 20 1 79
700 25 40 1 126
900 55 30 1 141
800 10 45 1 78
1200 65 55 1 94
700 50 10 0 126
1600 35 60 0 125
1600 55 25 0 93
1100 15 50 1 109
800 25 30 1 141
700 10 15 1 108
1000 70 25 0 91
1400 15 15 0 142
1100 70 45 1 127
1700 30 20 0 109
1000 15 65 1 80
1900 20 30 6 142
500 10 35 1 96
1800 25 20 0 80
1100 20 30 1 141
2000 70 10 0 63
1300 45 10 0 125
900 65 45 0 124
1000 40 50 2 107
1000 65 40 0 77
900 40 40 1 109
1600 35 50 0 109
2000 25 60 0 80
600 15 10 0 76
700 65 10 0 79
1700 10 10 1 79
1500 45 15 1 141
700 55 50 3 109
1600 35 10 1 79
600 20 5 4 170
1900 55 35 0 111
1500 50 40 1 124
1700 10 35 0 140
1900 55 45 0 77
1700 20 15 0 124
500 30 20 0 124
700 20 10 1 109
1500 35 25 2 123
1000 50 50 0 109
1400 15 50 0 124
1400 60 70 0 110
1200 60 30 0 110
1300 30 20 5 141
1400 50 60 4 122
1600 70 5 6 138
1500 30 35 4 142
1000 70 25 2 109
1800 70 65 0 123
1600 15 45 0 78
1800 30 50 3 143
700 20 25 1 125
1400 45 55 1 122
1500 70 5 2 109
2000 5 60 4 96
800 10 30 2 95
1200 35 65 1 109
1800 25 20 2 63
600 45 15 1 125
1000 25 65 4 122
1600 5 30 1 92
800 15 10 1 108
600 55 70 1 125
1900 55 60 0 141
2000 55 5 1 157
700 10 30 0 79
1800 60 35 2 110
1800 70 40 2 125
1900 50 15 3 141
1300 55 30 0 127
500 50 55 0 94
1600 35 40 1 78
1200 5 20 0 64
1500 55 10 0 78
1900 55 65 1 93
1200 25 60 5 125
1600 60 35 2 110
1500 40 5 2 124
1500 60 25 0 109
800 30 65 1 124
1900 35 70 1 139
1600 45 55 1 93
1500 40 60 1 92
1800 50 70 2 128
1200 70 30 0 109
1900 65 60 2 108
1700 40 65 1 79
1100 15 55 4 93
1400 5 50 2 143
1900 10 60 1 75
700 15 55 1 126
1000 45 55 2 144
1600 15 20 0 93
1900 35 5 3 139
1300 5 35 1 94
600 5 50 0 93
1600 40 35 0 94
1800 45 10 2 158
1400 30 60 2 111
1800 10 15 4 126
600 30 25 1 125
1100 50 15 0 93
1400 45 65 7 139
500 50 55 1 80
1100 60 10 1 78
1500 40 60 3 78
1200 30 30 1 109
1700 60 65 1 124
800 55 40 0 123
1200 20 60 1 141
1600 35 45 0 124
500 60 55 0 107
1100 15 60 1 78
1600 15 55 1 126
1100 50 10 3 141
1700 20 30 1 140
900 25 5 2 109
1800 15 60 1 92
1300 45 30 2 124
1400 50 45 0 126
1100 15 65 1 109
1100 50 5 1 141
1100 35 15 0 93
900 15 20 1 93
800 20 60 1 62
1500 35 25 0 109
800 50 10 0 91
1900 10 55 0 78
1400 15 55 1 125
1400 40 45 0 94
1500 45 5 0 61
1100 40 45 1 109
900 65 30 1 125
800 65 60 1 76
2000 20 15 0 78
600 45 70 1 62
1600 40 60 1 93
1400 65 45 0 127
1400 35 70 0 93
500 35 10 2 124
1400 10 70 0 108
1300 5 40 3 125
900 70 65 0 92
800 35 10 0 63
1300 35 60 1 127
1800 55 15 1 92
2000 15 40 4 155
600 50 35 0 124
1700 50 25 1 110
1700 65 35 1 125
1600 70 40 1 109
1500 40 50 3 124
1600 50 50 0 79
1900 15 40 0 141
1300 40 35 1 94
1600 5 20 2 94
2000 5 45 2 112
2000 25 40 1 144
800 15 25 0 125
1600 35 25 0 125
1500 65 60 5 138
1600 30 55 6 157
900 15 60 5 126
1400 60 25 3 139
1100 45 35 3 171
1700 60 30 0 94
1000 35 30 0 76
1200 65 30 1 110
800 25 25 1 125
1400 60 5 5 139
1200 20 65 0 108
1800 60 70 0 93
800 60 60 0 123
1300 25 45 1 154
700 30 60 1 139
1700 5 5 3 125
1500 40 55 3 109
1900 65 40 2 126
500 20 70 1 77
1000 65 25 1 108
1400 45 65 2 124
1200 15 55 1 94
900 15 25 2 140
1300 5 5 0 32
600 45 70 2 110
900 25 30 2 125
1700 35 60 1 110
1900 70 45 1 94
600 15 45 1 125
1800 30 40 0 124
1600 50 60 0 93
1000 50 70 0 94
1700 35 65 0 140
800 70 40 0 80
2000 50 30 1 124
900 25 65 0 77
500 65 55 1 157
1700 45 50 1 141
1700 65 35 1 108
1700 45 10 0 93
500 70 65 1 77
800 10 25 2 157
1900 50 10 1 127
800 65 70 1 125
1900 10 55 1 125
1800 70 30 1 126
1000 60 10 1 138
900 5 50 3 94
1400 45 55 3 122
700 40 50 1 78
1300 30 15 0 93
1900 55 50 2 139
1100 65 30 0 265
1800 10 30 1 124
1700 70 30 1 124
1600 15 70 0 94
1500 70 35 6 108
1300 70 35 6 140
1500 35 70 0 107
1700 10 5 2 111
600 55 55 6 95
1500 30 15 1 112
1900 10 30 3 142
1000 45 10 1 94
1200 30 70 1 95
1100 50 55 2 141
1300 30 15 2 126
1800 25 60 2 127
1100 65 60 0 124
1500 60 30 0 93
1500 50 60 2 94
1200 15 40 2 110
1000 55 55 0 96
1200 10 45 0 108
500 70 25 1 157
900 40 10 0 125
1800 55 5 1 109
1100 20 60 3 109
900 50 70 0 125
600 30 45 1 92
1800 35 20 1 109
1300 35 35 0 124
700 40 15 1 110
800 45 35 0 126
500 30 65 0 46
1200 25 30 1 62
1700 40 25 0 64
1100 5 15 0 93
1800 45 20 1 110
1400 65 10 0 78
700 55 50 0 125
500 25 50 0 108
2000 40 30 0 78
1500 10 10 0 77
800 30 55 0 140
1600 35 25 0 124
900 65 70 1 110
500 20 10 2 125
1000 10 65 1 122
600 65 10 0 78
600 25 5 1 125
1000 5 10 2 138
1600 30 10 1 108
1400 20 15 0 93
1700 30 10 0 111
600 15 20 1 110
1700 25 60 0 111
1100 15 25 0 93
1900 45 30 1 94
1600 10 55 1 139
1400 55 35 0 92
500 40 55 1 124
1400 15 30 2 138
1000 5 55 1 92
1100 45 15 0 46
1400 25 20 0 123
700 35 5 1 63
500 25 10 1 93
800 10 25 1 125
1900 20 60 0 124
1100 25 30 0 141
600 35 50 0 93
1400 30 65 1 94
1500 65 55 3 123
1100 10 25 1 94
1700 5 70 0 95
1200 50 25 1 126
700 30 65 0 124
1300 40 35 3 111
1000 20 25 5 124
1700 5 60 6 141
700 15 50 3 125
600 60 15 4 109
1400 70 15 3 140
800 45 15 0 110
1300 5 40 0 111
500 55 5 0 93
1900 40 35 2 122
1100 30 45 4 142
500 5 10 4 138
800 45 60 0 159
1400 55 25 0 94
1100 25 45 1 141
1500 35 40 3 144
1900 35 10 0 157
1300 5 15 4 110
800 5 45 3 125
1500 30 10 2 112
1500 70 30 0 62
1000 25 10 0 96
1600 5 70 0 93
1300 5 50 0 78
500 65 45 0 107
500 40 15 0 123
800 40 25 0 95
1000 60 20 0 112
600 65 15 0 93
1400 45 20 0 47
1100 15 50 0 126
1200 30 5 0 76
900 35 25 0 63
1900 35 5 0 111
1500 70 20 0 123
900 60 45 0 142
900 25 15 0 93
700 60 55 0 126
1200 5 50 0 111
700 45 60 0 94
600 50 70 0 110
500 55 40 0 80
1300 40 40 0 107
1900 20 30 0 124
1100 15 15 0 77
1700 50 70 0 77
700 10 70 0 63
1200 25 25 0 125
1100 40 50 0 93
700 45 5 0 79
1200 55 40 0 124
1500 55 30 0 90
700 45 25 0 63
600 10 5 0 63
700 55 15 0 125
1300 25 15 0 109
1200 65 5 0 78
800 50 65 0 141
1200 10 70 0 124
1100 30 10 0 94
1300 25 25 0 140
500 55 40 0 63
1700 10 25 0 94
700 30 45 0 79
1700 5 45 0 139
1000 20 55 0 75
900 35 20 0 141
500 40 30 0 112
500 65 25 0 96
1300 25 40 0 156
1700 15 65 0 77
1800 30 25 0 110
2000 70 70 0 107
1700 65 10 0 77
800 55 10 0 94
900 25 30 0 126
1200 40 70 0 110
1100 15 60 0 391
1100 35 10 0 93
1400 5 30 0 95
1200 45 20 0 109
1000 25 30 0 94
700 35 40 0 78
1300 35 50 0 93
1800 35 55 0 124
1900 65 50 0 141
500 20 40 0 125
1700 65 25 0 155
1300 40 35 0 110
1900 50 45 0 124
2000 40 50 0 110
2000 55 35 0 95
1800 35 55 0 142
1900 55 60 0 125
600 45 30 0 110
1100 70 65 0 108
1700 15 70 0 94
1900 15 50 0 126
1200 10 70 0 95
700 60 40 0 94
2000 50 5 0 96
1900 20 70 0 126
1100 65 30 0 108
1000 40 25 0 112
500 65 25 0 112
900 25 50 0 141
2000 45 60 0 32
1500 70 50 0 92
1500 25 65 0 108
500 25 65 0 108
1700 20 35 0 95
1000 70 55 0 155
1800 5 35 0 111
1800 10 25 0 110
2000 35 5 0 92
800 65 50 0 94
1200 30 30 0 124
1900 60 20 0 109
2000 65 50 0 46
700 65 30 0 124
800 30 5 0 63
1100 55 70 0 124
1800 30 35 0 155
500 5 15 0 95
1000 45 15 0 80
1000 20 25 0 80
700 35 25 0 94
2000 50 60 0 63
1100 30 55 0 46
800 30 15 0 111
2000 65 40 0 77
900 40 45 0 109
900 55 70 0 108
1300 15 55 0 92
2000 40 40 0 96
1000 20 15 0 107
1900 10 65 0 78
1700 35 35 0 142
1400 40 45 0 80
600 20 20 0 138
1100 70 20 0 110
700 65 45 0 63
2000 10 60 0 96
500 15 70 0 109
600 45 70 0 157
1700 70 5 0 62
1800 15 60 0 127
1200 40 25 0 141
600 40 35 0 124
1000 5 35 0 62
700 55 65 0 78
800 15 45 0 154
800 60 35 0 108
1900 25 30 0 78
1400 30 25 0 78
800 65 25 0 80
2000 55 20 0 112
1200 35 10 0 95
600 15 10 0 62
1200 50 60 0 125
1600 70 50 0 77
2000 40 60 0 124
800 5 15 0 92
900 35 55 0 64
1300 25 10 0 92
2000 45 20 0 62
1300 65 70 0 124
1300 10 15 0 111
1300 5 45 0 112
1600 50 65 0 123
1700 70 45 0 93
800 30 45 0 127
1100 10 10 0 111
1200 55 40 0 94
1400 55 45 0 93
1800 25 60 0 45
2000 15 5 0 96
1400 55 50 0 141
1200 40 10 0 126
800 10 60 0 93
1100 70 50 0 124
1600 5 65 0 125
1700 40 65 0 63
1300 70 20 0 63
1000 20 30 0 156
800 10 45 0 109
1600 65 30 0 109
1600 50 35 0 94
1400 10 45 0 94
2000 55 10 0 94
900 55 5 0 93
1000 5 35 0 61
800 65 30 0 92
1200 25 35 0 126
500 60 10 0 109
1600 25 55 0 78
1900 70 25 0 78
600 10 65 0 76
700 25 45 0 78
1800 65 55 0 76
1000 15 60 0 111
1700 35 10 0 109
700 55 55 0 110
900 70 25 0 78
1100 35 50 0 94
2000 40 20 0 78
1100 70 65 0 94
1100 10 50 0 78
1100 50 15 0 78
1700 15 30 0 92
700 35 20 0 111
1100 35 70 0 94
1400 70 35 0 79
1600 45 20 0 123
1200 25 65 0 109
600 45 35 0 109
1400 35 70 0 124
1500 20 30 0 108
1300 55 70 0 94
700 65 50 0 109
1100 25 15 0 124
1000 45 65 0 128
1500 60 25 0 93
1800 40 40 0 93
1200 50 25 0 93
1600 30 20 0 126
1700 60 10 0 125
1000 15 10 0 46
1300 55 20 0 63
1700 60 5 0 94
1200 35 65 0 78
1900 25 5 0 62
900 5 40 0 64
900 25 30 0 109
1200 20 10 0 109
1800 55 10 0 79
1700 65 60 0 95
1200 65 65 0 77
1600 40 15 0 110
1700 55 25 0 94
700 40 25 0 64
1500 35 25 0 127
900 60 20 0 110
1600 10 35 0 79
1800 70 35 0 155
1100 25 20 0 94
1900 25 65 0 95
1200 60 65 0 62
600 25 55 0 61
1700 15 35 0 125
1700 15 10 0 109
1100 50 55 0 109
1000 30 25 0 126
1300 30 55 0 109
600 45 45 0 110
800 10 40 0 108
800 55 45 0 124
1500 35 40 0 124
1000 65 65 0 78
900 5 70 0 78
700 35 5 0 141
1000 55 40 0 96
1700 45 65 0 141
1300 15 10 0 61
1000 25 65 3 93
1300 20 50 9 154
1600 25 20 10 141
600 30 55 9 143
1200 60 70 9 155
600 30 20 9 143
1600 70 70 9 141
1900 50 50 9 158
1600 20 70 10 141
1200 25 70 9 141
1000 50 30 9 152
1900 15 55 9 140
800 40 40 9 171
600 30 50 9 156
1400 15 50 10 143
900 5 50 7 140
2000 35 15 10 160
1200 55 50 9 156
1600 20 10 9 141
700 40 70 9 140
1800 25 10 9 123
600 70 25 9 126
700 5 10 10 157
1300 60 30 9 123
1200 65 15 9 157
1500 40 20 9 123
1200 15 20 9 125
1900 45 45 9 157
700 15 65 10 155
1900 5 40 9 126
700 10 45 9 156
1300 55 50 9 139
1000 70 65 9 154
1800 45 40 9 139
1800 45 65 10 155
700 45 60 9 157
1300 20 40 9 154
1700 50 50 9 158
1500 35 30 9 176
1600 70 20 9 155
2000 30 10 10 158
1100 45 15 9 141
1800 70 10 9 140
500 35 25 9 122
700 5 5 9 156
500 35 45 9 154
1500 70 15 10 157
500 5 25 9 126
900 50 50 9 153
1600 15 40 10 157
600 50 55 9 157
1400 55 55 9 156
2000 30 45 9 175
1500 60 15 9 160
800 70 40 9 122
1600 45 50 10 138
1300 50 20 9 125
1500 70 70 9 157
600 10 65 9 155
900 65 20 8 157
1300 45 15 10 159
500 55 5 10 144
1100 45 60 9 156
1900 55 25 5 158
1800 45 60 1 124
1800 15 60 10 157
1700 65 25 9 154
2000 70 60 6 156
1600 45 65 9 139
2000 50 45 3 107
1300 25 20 10 159
500 55 30 9 186
1000 15 70 9 140
900 50 30 9 141
900 70 5 9 141
1800 25 25 9 156
2000 20 10 10 139
800 25 55 9 142
800 50 60 9 144
1300 30 45 8 157
800 10 5 10 156
1700 55 15 10 141
1900 15 40 8 141
500 35 10 10 156
1800 35 5 10 157
1700 25 60 9 157
500 15 25 4 107
1800 30 65 8 127
600 5 65 7 95
1800 40 50 7 139
1500 25 15 7 139
1600 20 5 9 157
1900 15 15 10 140
1400 25 40 9 140
800 5 55 9 159
1900 45 10 8 156
1800 65 60 6 124
1600 60 55 9 174
1400 10 30 10 125
1100 15 70 6 123
600 35 15 10 157
1600 45 40 9 154
1700 30 15 9 158
2000 70 35 5 141
1800 70 50 7 156
1600 70 40 1 93
900 50 30 2 123
600 50 45 10 142
900 60 5 9 156
1200 35 70 7 156
1800 70 60 6 137
1300 5 35 9 154
2000 15 15 6 139
1300 60 10 4 107
900 35 45 9 126
1700 10 45 9 172
1800 45 20 9 140
700 20 60 9 141
1500 60 5 9 141
1200 40 30 10 154
1600 15 55 9 125
800 30 35 9 141
1800 45 25 9 156
1200 40 10 9 142
1000 60 50 9 124
1400 50 65 10 125
1200 65 30 9 142
1200 65 10 9 156
500 5 35 9 160
1900 20 35 9 173
1700 60 5 9 158
1100 70 60 10 110
800 35 5 9 138
500 35 50 9 154
800 45 30 9 156
2000 70 5 9 158
500 60 50 9 160
1300 65 45 9 109
500 25 50 4 123
1700 5 70 9 142
1900 5 15 10 141
1200 20 70 9 157
700 55 70 9 157
1600 15 60 9 139
1700 50 65 9 157
2000 60 25 9 155
700 60 55 10 126
800 55 50 9 154
800 30 5 6 140
500 15 55 9 160
700 45 25 9 140
900 65 5 9 110
1900 65 20 8 157
1400 60 25 9 142
1800 60 45 9 141
1200 20 40 8 157
1300 20 25 7 109
1600 45 65 4 141
1600 70 5 7 125
1800 70 5 10 108
1400 5 30 7 157
1200 25 15 6 109
1600 35 20 6 138
500 20 65 3 112
1700 30 35 2 125
1900 15 10 5 108
500 30 10 10 143
