   100 
1800 35 60 4 1089
1200 65 50 16 1142
1800 50 25 20 1124
1800 50 70 20 1163
1000 65 65 27 1138
500 20 50 23 1180
1500 10 65 17 1197
1000 10 30 34 1249
1900 40 5 27 1281
1200 55 50 18 1136
500 65 5 33 1146
1100 55 35 18 1235
1300 20 30 15 1078
1200 70 25 10 1058
1400 30 45 15 1108
2000 55 25 12 1065
2000 60 40 21 1390
1700 35 70 26 1250
1100 15 40 21 1247
600 70 15 19 1200
1800 65 65 32 1275
900 25 10 25 1229
500 15 50 26 1174
1600 60 60 29 1238
600 55 35 21 1111
900 40 50 10 1050
1400 55 40 17 1236
1600 70 10 21 1284
1800 25 40 18 1198
800 20 30 16 1211
1600 60 30 20 1169
1000 15 25 12 1520
800 50 45 7 1179
800 45 15 24 1209
1400 10 35 23 1160
600 40 70 11 1217
1400 50 35 10 990
1900 10 25 20 1175
900 15 45 17 1144
1100 50 40 17 1122
700 35 35 34 1325
1200 45 60 14 1173
2000 55 15 14 1151
1900 55 45 11 1154
1800 45 40 21 1105
700 30 70 13 1154
1200 5 50 27 1425
1400 5 20 20 1126
500 25 60 21 957
600 50 70 21 1077
2000 70 40 18 1102
700 10 10 30 1156
700 70 65 42 1219
1800 35 35 28 1255
700 25 15 22 1127
1200 15 30 26 1141
2000 45 45 26 1182
800 35 65 27 1156
1700 55 10 20 985
700 20 15 15 1188
1400 25 5 21 1247
1100 60 50 22 1154
800 10 20 11 1247
1900 10 65 16 1193
1600 10 65 18 1141
900 10 30 12 1184
900 5 40 29 1173
1000 30 60 17 999
900 15 45 18 1108
2000 30 30 13 1160
1100 60 70 20 1154
2000 70 35 41 1283
1900 35 25 90 1449
1300 50 40 89 1400
2000 50 50 67 1415
500 15 5 47 1193
1900 50 20 99 1488
500 55 50 87 1514
900 70 30 84 1449
1300 20 25 89 1507
1900 40 40 81 1499
1800 70 40 46 1332
2000 45 45 0 1094
1700 55 20 0 1047
1300 30 65 0 916
1800 25 45 0 1347
1800 60 30 0 1167
1300 5 35 0 1168
1800 70 30 0 1012
1900 65 60 0 1123
1100 5 25 0 921
1900 40 60 0 869
600 10 55 0 1079
700 35 70 0 1199
900 65 50 0 1030
1700 10 30 0 1110
800 35 30 0 993
1200 65 40 0 1031
2000 40 25 0 1014
900 50 40 0 911
1900 35 65 0 1026
1100 15 25 0 926
1100 65 10 0 1014
1800 60 55 0 1022
1600 45 50 0 1048
600 45 45 0 986
1000 30 5 0 1087
1100 25 40 0 901
2000 30 10 0 1097
500 35 55 0 1107
500 25 30 0 997
1600 15 30 0 964
1500 70 65 0 1072
1400 45 5 0 1093
700 30 15 0 1015
1200 10 45 0 1328
2000 55 45 0 1012
1800 35 35 0 1017
800 60 55 0 946
1600 10 70 0 1106
1000 40 50 0 961
900 10 30 0 1061
1800 55 70 0 1078
1500 50 10 0 908
1900 25 25 0 1094
1800 30 20 0 1085
1300 60 5 0 970
1000 10 5 0 1119
600 30 60 0 1018
500 25 15 0 993
900 5 60 0 1040
1800 10 60 0 1047
1600 40 50 0 1000
600 25 55 0 811
1600 25 15 0 1043
1400 35 50 0 984
1300 25 55 0 977
1300 65 10 0 932
900 40 10 0 923
1600 40 35 0 1063
700 40 15 0 1129
1100 70 10 0 1060
600 50 35 0 815
1000 55 5 0 936
1700 65 55 0 950
900 40 45 0 1048
800 25 25 0 993
1800 15 60 0 1065
1000 50 55 0 1016
700 5 55 0 1141
1100 50 65 0 1016
700 60 15 0 970
1300 5 15 0 1108
1200 35 45 0 1093
1500 10 5 0 1215
1300 50 35 0 1084
800 65 10 0 983
700 10 15 0 1014
700 35 35 0 983
1700 40 30 0 984
800 70 45 0 1150
1900 50 30 0 901
1200 70 70 0 1001
700 35 40 0 1157
1500 40 45 0 1029
1100 10 50 0 938
1100 40 60 0 937
1100 55 15 0 1028
1400 35 25 0 1016
600 55 70 0 887
900 70 50 0 1186
1700 10 70 0 1015
1800 10 25 0 964
1000 50 30 0 973
1000 50 55 0 936
1500 5 10 0 1268
1700 50 25 0 920
700 30 60 0 1110
500 25 15 0 1040
1500 50 35 0 1063
2000 70 45 1 944
